13475.00
13108.00
13026.00
13099.00
13098.00
13087.00
13071.00
13025.00
13085.00
13086.00
13110.00
13112.00
13110.00
13142.00
13102.00
13170.00
13180.00
13231.00
13254.00
13257.00
13266.00
13300.00
13355.00
13280.00
13170.00
13151.00
13150.00
13056.00
13001.00
12985.00
13028.00
13145.00
13053.00
13100.00
13150.00
13150.00
13099.00
13149.00
13162.00
13162.00
13119.00
13154.00
13142.00
13145.00
13145.00
13145.00
13157.00
13175.00
13176.00
13255.00
13260.00
13235.00
13234.00
13234.00
13200.00
13200.00
13233.00
13200.00
13200.00
13229.00
13229.00
13229.00
13229.00
13234.00
13234.00
13234.00
13238.00
13238.00
13235.00
13211.00
13239.00
13213.00
13235.00
13235.00
13239.00
13218.00
13218.00
13222.00
13225.00
13235.00
13234.00
13230.00
13210.00
13186.00
13186.00
13201.00
13183.00
13183.00
13198.00
13198.00
13178.00
13193.00
13193.00
13177.00
13159.00
13159.00
13159.00
13159.00
13120.00
13128.00
13081.00
13089.00
13104.00
13078.00
13085.00
13091.00
13083.00
13083.00
13083.00
13081.00
13081.00
13081.00
13081.00
13171.00
13171.00
13171.00
13171.00
13171.00
13138.00
13120.00
13136.00
13145.00
13102.00
13100.00
13084.00
13057.00
13057.00
13057.00
13074.00
13066.00
13058.00
13054.00
13074.00
13074.00
13080.00
13088.00
13118.00
13053.00
13053.00
13030.00
13028.00
13034.00
13034.00
13015.00
12983.00
12916.00
12912.00
12900.00
12851.00
12850.00
12852.00
12861.00
12860.00
12842.00
12842.00
12861.00
12877.00
12900.00
12937.00
12938.00
12942.00
12955.00
12958.00
12968.00
12984.00
12984.00
12984.00
12980.00
12939.00
12979.00
12977.00
13000.00
13006.00
13015.00
13000.00
12975.00
12982.00
12982.00
12982.00
12961.00
12961.00
12983.00
12993.00
12947.00
12955.00
12956.00
12926.00
12944.00
12944.00
12971.00
12995.00
12996.00
12996.00
12997.00
12997.00
12999.00
13007.00
12993.00
12993.00
13000.00
13021.00
13016.00
13056.00
13093.00
13122.00
13054.00
13042.00
13057.00
13057.00
13058.00
13060.00
13083.00
13086.00
13089.00
13100.00
13054.00
13054.00
13062.00
13062.00
13064.00
13075.00
13078.00
13121.00
13091.00
13117.00
13117.00
13132.00
13137.00
13137.00
13143.00
13143.00
13143.00
13127.00
13127.00
13089.00
13107.00
13076.00
13071.00
13083.00
13064.00
13064.00
13050.00
13012.00
13012.00
13040.00
13023.00
13045.00
13045.00
13023.00
12982.00
13000.00
13024.00
13021.00
13015.00
13018.00
13004.00
13004.00
13031.00
13032.00
13025.00
13035.00
13078.00
13078.00
13078.00
13066.00
13068.00
13100.00
13103.00
13082.00
13087.00
13086.00
13079.00
13082.00
13082.00
13082.00
13082.00
13056.00
13056.00
13064.00
13086.00
13110.00
13070.00
13044.00
13055.00
13055.00
13055.00
13036.00
13050.00
13054.00
13068.00
13065.00
13084.00
13068.00
13076.00
13064.00
13054.00
13050.00
13029.00
13020.00
13003.00
13003.00
13017.00
13017.00
13014.00
13017.00
13017.00
13021.00
13017.00
13012.00
13015.00
13015.00
13009.00
12957.00
12964.00
12907.00
12932.00
12942.00
12942.00
12937.00
12930.00
12930.00
12926.00
12926.00
12921.00
12931.00
12932.00
12931.00
12949.00
12950.00
12957.00
12964.00
12964.00
12972.00
12978.00
12977.00
12983.00
12986.00
12988.00
12988.00
12997.00
12997.00
12997.00
13000.00
13000.00
13000.00
13000.00
12987.00
12997.00
12997.00
12997.00
12997.00
12997.00
12997.00
13003.00
13003.00
12994.00
12997.00
12998.00
12994.00
12990.00
12976.00
12990.00
12967.00
12961.00
12960.00
12960.00
12960.00
12960.00
12960.00
12960.00
12960.00
12984.00
12984.00
13018.00
13037.00
13030.00
13030.00
13031.00
13039.00
13039.00
13038.00
13043.00
13059.00
13059.00
13033.00
13033.00
13033.00
13032.00
13038.00
13041.00
13045.00
13064.00
13057.00
13079.00
13093.00
13093.00
13093.00
13093.00
13093.00
13091.00
13098.00
13118.00
13128.00
13128.00
13152.00
13152.00
13190.00
13169.00
13169.00
13169.00
13185.00
13178.00
13198.00
13178.00
13175.00
13175.00
13187.00
13196.00
13184.00
13184.00
13184.00
13179.00
13171.00
13171.00
13171.00
13171.00
13171.00
13170.00
13181.00
13181.00
13180.00
13171.00
13171.00
13181.00
13176.00
13181.00
13181.00
13181.00
13181.00
13176.00
13179.00
13179.00
13171.00
13171.00
13167.00
13170.00
13166.00
13165.00
13164.00
13164.00
13164.00
13164.00
13172.00
13168.00
13168.00
13173.00
13174.00
13173.00
13173.00
13173.00
13174.00
13174.00
13174.00
13174.00
13174.00
13172.00
13176.00
13174.00
13168.00
13165.00
13166.00
13150.00
13149.00
13150.00
13166.00
13166.00
13165.00
13165.00
13165.00
13151.00
13175.00
13168.00
13168.00
13168.00
13179.00
13179.00
13172.00
13172.00
13160.00
13160.00
13146.00
13134.00
13134.00
13132.00
13132.00
13132.00
13132.00
13138.00
13143.00
13145.00
13143.00
13155.00
13155.00
13155.00
13155.00
13155.00
13148.00
13148.00
13135.00
13135.00
13146.00
13146.00
13146.00
13138.00
13138.00
13138.00
13134.00
13134.00
13136.00
13147.00
13161.00
13167.00
13170.00
13170.00
13170.00
13170.00
13172.00
13180.00
13185.00
13199.00
13199.00
13200.00
13212.00
13212.00
13212.00
13212.00
13211.00
13211.00
13219.00
13225.00
13225.00
13219.00
13217.00
13217.00
13220.00
13232.00
13249.00
13270.00
13268.00
13291.00
13289.00
13299.00
13306.00
13306.00
13288.00
13288.00
13287.00
13299.00
13299.00
13287.00
13288.00
13293.00
13300.00
13309.00
13348.00
13359.00
13357.00
13361.00
13370.00
13375.00
13348.00
13329.00
13334.00
13324.00
13324.00
13332.00
13342.00
13342.00
13346.00
13354.00
13364.00
13390.00
13368.00
13370.00
13372.00
13388.00
13402.00
13419.00
13419.00
13419.00
13420.00
13447.00
13453.00
13452.00
13463.00
13451.00
13451.00
13451.00
13464.00
13433.00
13434.00
13436.00
13434.00
13455.00
13470.00
13457.00
13456.00
13427.00
13435.00
13443.00
13441.00
13402.00
13412.00
13406.00
13404.00
13404.00
13412.00
13400.00
13410.00
13410.00
13407.00
13406.00
13411.00
13417.00
13404.00
13404.00
13404.00
13410.00
13411.00
13422.00
13443.00
13440.00
13441.00
13450.00
13471.00
13455.00
13449.00
13437.00
13426.00
13440.00
13440.00
13427.00
13422.00
13392.00
13400.00
13409.00
13409.00
13409.00
13412.00
13412.00
13427.00
13434.00
13422.00
13422.00
13412.00
13411.00
13414.00
13414.00
13401.00
13384.00
13392.00
13398.00
13398.00
13400.00
13401.00
13383.00
13395.00
13394.00
13437.00
13437.00
13461.00
13447.00
13472.00
13490.00
13487.00
13501.00
13502.00
13502.00
13486.00
13500.00
13520.00
13520.00
13520.00
13487.00
13500.00
13500.00
13505.00
13505.00
13528.00
13520.00
13520.00
13524.00
13525.00
13525.00
13525.00
13520.00
13520.00
13522.00
13524.00
13506.00
13509.00
13514.00
13525.00
13532.00
13536.00
13536.00
13536.00
13529.00
13525.00
13509.00
13509.00
13509.00
13512.00
13516.00
13516.00
13526.00
13526.00
13522.00
13529.00
13530.00
13530.00
13530.00
13530.00
13524.00
13524.00
13537.00
13536.00
13536.00
13536.00
13550.00
13578.00
13586.00
13554.00
13554.00
13555.00
13571.00
13554.00
13564.00
13564.00
13554.00
13554.00
13570.00
13565.00
13547.00
13547.00
13550.00
13486.00
13526.00
13526.00
13531.00
13549.00
13544.00
13544.00
13489.00
13500.00
13500.00
13496.00
13496.00
13532.00
13518.00
13525.00
13520.00
13520.00
13520.00
13520.00
13520.00
13530.00
13471.00
13471.00
13479.00
13470.00
13517.00
13540.00
13540.00
13596.00
13543.00
13543.00
13559.00
13575.00
13575.00
13575.00
13564.00
13575.00
13571.00
13575.00
13575.00
13575.00
13581.00
13575.00
13575.00
13572.00
13567.00
13575.00
13575.00
13575.00
13573.00
13600.00
13578.00
13592.00
13600.00
13600.00
13600.00
13598.00
13571.00
13566.00
13555.00
13555.00
13555.00
13544.00
13544.00
13563.00
13558.00
13565.00
13517.00
13511.00
13507.00
13507.00
13521.00
13521.00
13497.00
13515.00
13498.00
13498.00
13479.00
13500.00
13480.00
13498.00
13498.00
13493.00
13492.00
13476.00
13455.00
13455.00
13525.00
13525.00
13551.00
13518.00
13518.00
13488.00
13530.00
13530.00
13520.00
13500.00
13519.00
13519.00
13553.00
13565.00
13535.00
13534.00
13534.00
13545.00
13541.00
13527.00
13524.00
13516.00
13506.00
13512.00
13517.00
13512.00
13512.00
13496.00
13496.00
13509.00
13491.00
13475.00
13466.00
13459.00
13446.00
13465.00
13479.00
13467.00
13479.00
13479.00
13479.00
13469.00
13469.00
13479.00
13480.00
13480.00
13497.00
13517.00
13528.00
13523.00
13523.00
13493.00
13493.00
13510.00
13504.00
13518.00
13518.00
13511.00
13507.00
13507.00
13549.00
13517.00
13552.00
13570.00
13548.00
13503.00
13520.00
13504.00
13489.00
13499.00
13487.00
13487.00
13484.00
13487.00
13511.00
13499.00
13498.00
13496.00
13539.00
13540.00
13582.00
13550.00
13550.00
13551.00
13546.00
13547.00
13510.00
13539.00
13547.00
13547.00
13546.00
13559.00
13540.00
13559.00
13540.00
13548.00
13537.00
13536.00
13520.00
13508.00
13487.00
13467.00
13373.00
13447.00
13421.00
13450.00
13465.00
13458.00
13458.00
13458.00
13458.00
13458.00
13458.00
13458.00
13458.00
13423.00
13423.00
13423.00
13423.00
13423.00
13423.00
13423.00
13423.00
13423.00
13423.00
13423.00
13423.00
13423.00
13423.00
13423.00
13629.00
13902.00
13980.00
14002.00
13993.00
13849.00
13780.00
13843.00
13782.00
13822.00
13822.00
13758.00
13788.00
13734.00
13734.00
13686.00
13772.00
13928.00
13800.00
13800.00
13780.00
13770.00
13770.00
13770.00
13723.00
13779.00
13770.00
13853.00
13794.00
13794.00
13794.00
13794.00
13794.00
13794.00
13794.00
13794.00
13794.00
13849.00
13849.00
13807.00
13807.00
13757.00
13724.00
13770.00
13770.00
13801.00
13839.00
13850.00
13816.00
13831.00
13811.00
13782.00
13782.00
13771.00
13771.00
13793.00
13758.00
13758.00
13799.00
13799.00
13799.00
13797.00
13800.00
13800.00
13798.00
13798.00
13798.00
13810.00
13827.00
13807.00
13807.00
13817.00
13817.00
13849.00
13893.00
13863.00
13939.00
13896.00
13913.00
13913.00
13913.00
13944.00
13944.00
13922.00
13944.00
13940.00
13944.00
13943.00
13943.00
13943.00
13923.00
13944.00
13968.00
13970.00
14000.00
14046.00
14038.00
14037.00
14038.00
14050.00
14047.00
14019.00
14018.00
14020.00
14013.00
14013.00
14013.00
14013.00
13958.00
13959.00
13967.00
13976.00
14000.00
14020.00
13988.00
13988.00
13988.00
14017.00
14001.00
14002.00
13998.00
13998.00
14018.00
14040.00
14041.00
14013.00
14070.00
14070.00
13978.00
13978.00
13985.00
13985.00
13987.00
14000.00
14011.00
13986.00
13926.00
13954.00
13936.00
13925.00
13903.00
13849.00
13849.00
13862.00
13851.00
13880.00
13949.00
13918.00
13939.00
13917.00
13950.00
13950.00
13938.00
13926.00
13926.00
13883.00
13874.00
13874.00
13877.00
13877.00
13881.00
13881.00
13905.00
13902.00
13949.00
13985.00
14000.00
13983.00
13979.00
13957.00
13979.00
13943.00
13943.00
13919.00
13904.00
13890.00
13890.00
13890.00
13890.00
13930.00
13927.00
13998.00
13997.00
13997.00
14000.00
13996.00
13997.00
13991.00
13997.00
14021.00
14030.00
14024.00
14018.00
14018.00
14039.00
14017.00
14017.00
14018.00
14017.00
14038.00
14049.00
14044.00
14050.00
14086.00
14110.00
14101.00
14098.00
14100.00
14088.00
14100.00
14079.00
14067.00
14083.00
14059.00
14058.00
14036.00
14042.00
14029.00
14044.00
14044.00
14044.00
13997.00
14025.00
14025.00
14042.00
14035.00
14085.00
14060.00
14054.00
14046.00
14062.00
14070.00
14064.00
14085.00
14099.00
14099.00
14099.00
14076.00
14061.00
14083.00
14067.00
14038.00
14066.00
14077.00
14093.00
14067.00
14088.00
14063.00
14075.00
14072.00
14076.00
14082.00
14075.00
14098.00
14098.00
14098.00
14074.00
14058.00
14085.00
14064.00
14062.00
14062.00
14015.00
14015.00
14015.00
14025.00
14045.00
14045.00
14045.00
14017.00
14039.00
14030.00
14004.00
13975.00
13975.00
13975.00
13975.00
13975.00
13999.00
13975.00
13998.00
14000.00
14000.00
14018.00
14018.00
14018.00
14018.00
14020.00
14026.00
14023.00
14043.00
14015.00
14015.00
14032.00
14009.00
14000.00
14000.00
14000.00
14005.00
14005.00
14000.00
14000.00
13971.00
13965.00
13986.00
13965.00
13953.00
13973.00
13972.00
13981.00
13981.00
13980.00
13972.00
13989.00
13972.00
14045.00
14043.00
13980.00
13980.00
14028.00
14029.00
14016.00
14006.00
13986.00
14000.00
14020.00
14045.00
14045.00
14018.00
14018.00
14017.00
14006.00
14018.00
14009.00
14024.00
14024.00
14006.00
14006.00
14006.00
14012.00
14016.00
14017.00
14017.00
14031.00
14029.00
14002.00
14041.00
14004.00
14004.00
13999.00
13987.00
13987.00
13976.00
14000.00
13979.00
13979.00
13979.00
13979.00
13979.00
13979.00
13979.00
13979.00
13979.00
13979.00
13979.00
13979.00
13979.00
13979.00
13979.00
13979.00
13979.00
13979.00
13979.00
14000.00
14000.00
14000.00
14000.00
14000.00
14000.00
14000.00
14000.00
14000.00
14000.00
14000.00
14000.00
14000.00
14000.00
13953.00
14039.00
13990.00
13990.00
14000.00
14048.00
14048.00
14048.00
14050.00
14021.00
14021.00
14060.00
14065.00
14065.00
14058.00
14042.00
14040.00
14055.00
14057.00
14098.00
14098.00
14088.00
14088.00
14073.00
14048.00
14048.00
14049.00
14049.00
14034.00
14034.00
14034.00
14060.00
14045.00
14045.00
14071.00
14076.00
14065.00
14068.00
14067.00
14054.00
14054.00
14055.00
14059.00
14059.00
14059.00
14054.00
14035.00
14030.00
14030.00
14057.00
14057.00
14040.00
14048.00
14048.00
14048.00
14058.00
14058.00
14058.00
14039.00
14039.00
14039.00
14038.00
14032.00
14022.00
14024.00
14034.00
14009.00
14009.00
14000.00
14000.00
14015.00
14005.00
13974.00
13950.00
13948.00
13948.00
13948.00
13937.00
13941.00
13941.00
13941.00
13945.00
13984.00
13971.00
13954.00
13954.00
13952.00
13943.00
13961.00
13961.00
13950.00
13959.00
13959.00
13959.00
13959.00
13966.00
13958.00
13958.00
13956.00
13947.00
13942.00
13931.00
13931.00
13938.00
13928.00
13928.00
13928.00
13945.00
13939.00
13947.00
13954.00
13954.00
13959.00
13961.00
13946.00
13959.00
13959.00
13959.00
13947.00
13959.00
13947.00
13950.00
13950.00
13935.00
13935.00
13935.00
13923.00
13936.00
13919.00
13938.00
13923.00
13922.00
13924.00
13909.00
13906.00
13907.00
13907.00
13896.00
13885.00
13908.00
13908.00
13910.00
13915.00
13915.00
13918.00
13918.00
13918.00
13906.00
13900.00
13900.00
13900.00
13898.00
13899.00
13911.00
13911.00
13920.00
13916.00
13919.00
13919.00
13919.00
13918.00
13901.00
13907.00
13926.00
13909.00
13898.00
13898.00
13887.00
13905.00
13909.00
13918.00
13921.00
13915.00
13915.00
13923.00
13923.00
13939.00
13941.00
13941.00
13939.00
13939.00
13942.00
13944.00
13944.00
13944.00
13948.00
13950.00
13950.00
13969.00
13959.00
13967.00
13967.00
13967.00
13968.00
13965.00
13965.00
13931.00
13926.00
13935.00
13935.00
13948.00
13948.00
13949.00
13944.00
13946.00
13946.00
13946.00
13950.00
13918.00
13907.00
13908.00
13937.00
13938.00
13938.00
13928.00
13945.00
13931.00
13931.00
13933.00
13933.00
13933.00
13927.00
13943.00
13943.00
13929.00
13943.00
13943.00
13943.00
13943.00
13943.00
13936.00
13951.00
13943.00
13916.00
13939.00
13939.00
13939.00
13946.00
13946.00
13946.00
13950.00
13950.00
13952.00
13952.00
13952.00
13952.00
13952.00
13937.00
13895.00
13934.00
13908.00
13934.00
13934.00
13883.00
13910.00
13910.00
13893.00
13910.00
13910.00
13916.00
13901.00
13901.00
13901.00
13922.00
13905.00
13891.00
13891.00
13871.00
13871.00
13871.00
13871.00
13868.00
13876.00
13894.00
13899.00
13901.00
13901.00
13873.00
13900.00
13885.00
13899.00
13868.00
13868.00
13867.00
13871.00
13873.00
13873.00
13896.00
13876.00
13876.00
13876.00
13848.00
13804.00
13804.00
13806.00
13761.00
13761.00
13794.00
13767.00
13767.00
13767.00
13767.00
13767.00
13767.00
13771.00
13700.00
13700.00
13700.00
13700.00
13700.00
13700.00
13700.00
13700.00
13700.00
13716.00
13729.00
13729.00
13734.00
13736.00
13736.00
13728.00
13778.00
13778.00
13783.00
13768.00
13768.00
13762.00
13750.00
13759.00
13759.00
13781.00
13783.00
13820.00
13817.00
13828.00
13824.00
13887.00
13887.00
13860.00
13860.00
13860.00
13860.00
13860.00
13860.00
13898.00
13898.00
13898.00
13898.00
13898.00
13898.00
13895.00
13895.00
13895.00
13940.00
13955.00
13980.00
13974.00
13872.00
13872.00
13901.00
13901.00
13886.00
13880.00
13880.00
13903.00
13903.00
13903.00
13903.00
13906.00
13906.00
13906.00
13921.00
13905.00
13904.00
13925.00
13925.00
13908.00
13922.00
13947.00
13970.00
13983.00
13983.00
13954.00
13947.00
13940.00
13940.00
13940.00
13918.00
13964.00
13964.00
13964.00
13934.00
13970.00
13951.00
13951.00
13951.00
13951.00
13934.00
13934.00
13959.00
13959.00
13950.00
13940.00
13927.00
13927.00
13927.00
13916.00
13892.00
13892.00
13892.00
13909.00
13909.00
13900.00
13900.00
13900.00
13894.00
13910.00
13931.00
13930.00
13930.00
13914.00
13914.00
13914.00
13900.00
13912.00
13909.00
13937.00
13937.00
13925.00
13925.00
13925.00
13924.00
13924.00
13924.00
13914.00
13914.00
13898.00
13911.00
13931.00
13931.00
13931.00
13931.00
13917.00
13917.00
13917.00
13924.00
13924.00
13919.00
13965.00
13979.00
13977.00
13944.00
13964.00
13933.00
13963.00
13934.00
13934.00
13934.00
13959.00
13975.00
13954.00
13951.00
13981.00
13940.00
13940.00
13973.00
13951.00
13957.00
13981.00
13981.00
13987.00
13965.00
13965.00
13967.00
13967.00
13967.00
13955.00
13955.00
13955.00
13955.00
13955.00
13977.00
13977.00
14054.00
14054.00
14054.00
14054.00
14031.00
14032.00
14034.00
14034.00
14018.00
14018.00
14018.00
14019.00
14014.00
14014.00
14014.00
14037.00
14065.00
14067.00
14031.00
14031.00
14035.00
14024.00
14040.00
14008.00
14004.00
14013.00
13989.00
13991.00
13958.00
13905.00
14014.00
14017.00
14017.00
14029.00
14015.00
13892.00
13981.00
13999.00
14000.00
14044.00
14021.00
14009.00
14003.00
13988.00
13993.00
13994.00
13986.00
14011.00
14043.00
14014.00
14019.00
13990.00
14018.00
13990.00
14016.00
14000.00
14019.00
13974.00
13963.00
13993.00
14020.00
14044.00
14019.00
14012.00
14050.00
14031.00
14031.00
14031.00
14031.00
14031.00
14031.00
14058.00
14058.00
14058.00
14058.00
14058.00
14058.00
14058.00
14058.00
14058.00
14058.00
14058.00
14058.00
14058.00
14058.00
14058.00
14058.00
14101.00
13773.00
13837.00
13837.00
13837.00
13837.00
13850.00
13869.00
13900.00
13900.00
13900.00
13900.00
13900.00
13900.00
13900.00
13990.00
13987.00
13987.00
13987.00
14006.00
13990.00
13991.00
14017.00
14021.00
14043.00
14039.00
14021.00
14021.00
14039.00
14037.00
14016.00
13987.00
13968.00
13948.00
13948.00
13940.00
13940.00
13939.00
13939.00
13936.00
13936.00
13940.00
13940.00
13940.00
13946.00
13946.00
13904.00
13904.00
13912.00
13914.00
13906.00
13906.00
13906.00
13906.00
13903.00
13903.00
13903.00
13903.00
13906.00
13906.00
13906.00
13882.00
13863.00
13863.00
13888.00
13847.00
13863.00
13842.00
13842.00
13840.00
13840.00
13850.00
13835.00
13850.00
13860.00
13848.00
13848.00
13848.00
13843.00
13843.00
13843.00
13843.00
13837.00
13860.00
13860.00
13860.00
13889.00
13889.00
13883.00
13872.00
13872.00
13842.00
13842.00
13843.00
13835.00
13830.00
13830.00
13830.00
13830.00
13830.00
13824.00
13825.00
13825.00
13845.00
13833.00
13846.00
13834.00
13834.00
13845.00
13845.00
13846.00
13845.00
13845.00
13852.00
13856.00
13853.00
13852.00
13877.00
13877.00
13886.00
13886.00
13886.00
13886.00
13886.00
13886.00
13886.00
13870.00
13906.00
13906.00
13906.00
13906.00
13934.00
13934.00
13934.00
13901.00
13901.00
13900.00
13900.00
13900.00
13899.00
13899.00
13899.00
13890.00
13890.00
13890.00
13885.00
13884.00
13881.00
13908.00
13915.00
13916.00
13916.00
13916.00
13916.00
13916.00
13927.00
13927.00
13927.00
13927.00
13933.00
13916.00
13916.00
13899.00
13899.00
13887.00
13887.00
13886.00
13886.00
13883.00
13883.00
13877.00
13853.00
13853.00
13849.00
13847.00
13847.00
13868.00
13868.00
13863.00
13863.00
13884.00
13885.00
13885.00
13910.00
13892.00
13892.00
13893.00
13893.00
13906.00
13924.00
13924.00
13924.00
13924.00
13967.00
13943.00
13947.00
13947.00
13942.00
13962.00
13969.00
13972.00
13961.00
13961.00
13961.00
13961.00
13975.00
13976.00
13976.00
13977.00
13980.00
13980.00
14000.00
14000.00
14000.00
13987.00
13986.00
13986.00
14006.00
14006.00
14006.00
14006.00
14006.00
14006.00
14040.00
14027.00
14036.00
14036.00
14015.00
14015.00
14013.00
14013.00
13980.00
13980.00
13979.00
13979.00
13979.00
13979.00
13960.00
13955.00
13955.00
13955.00
14020.00
13967.00
13967.00
13950.00
13940.00
13940.00
13972.00
13987.00
13990.00
13965.00
13973.00
13973.00
13972.00
13972.00
13959.00
13953.00
13940.00
13940.00
13955.00
13941.00
13941.00
13941.00
13939.00
13915.00
13915.00
13915.00
13915.00
13909.00
13936.00
13910.00
13898.00
13896.00
13871.00
13871.00
13871.00
13883.00
13870.00
13870.00
13865.00
13865.00
13865.00
13865.00
13847.00
13847.00
13847.00
13847.00
13887.00
13887.00
13887.00
13859.00
13859.00
13859.00
13859.00
13839.00
13859.00
13874.00
13854.00
13843.00
13857.00
13835.00
13808.00
13808.00
13825.00
13808.00
13810.00
13823.00
13832.00
13871.00
13871.00
13871.00
13875.00
13865.00
13839.00
13839.00
13838.00
13838.00
13834.00
13829.00
13827.00
13829.00
13812.00
13810.00
13810.00
13808.00
13792.00
13792.00
13791.00
13790.00
13790.00
13786.00
13814.00
13814.00
13826.00
13826.00
13832.00
13832.00
13832.00
13812.00
13812.00
13812.00
13812.00
13813.00
13813.00
13813.00
13813.00
13828.00
13800.00
13795.00
13795.00
13781.00
13781.00
13781.00
13781.00
13791.00
13816.00
13821.00
13821.00
13821.00
13822.00
13823.00
13825.00
13825.00
13808.00
13808.00
13808.00
13826.00
13826.00
13860.00
13860.00
13860.00
13864.00
13861.00
13868.00
13857.00
13875.00
13875.00
13857.00
13857.00
13875.00
13860.00
13880.00
13880.00
13894.00
13907.00
13907.00
13907.00
13919.00
13915.00
13912.00
13924.00
13924.00
13924.00
13924.00
13924.00
13908.00
13908.00
13905.00
13881.00
13881.00
13862.00
13862.00
13881.00
13881.00
13884.00
13884.00
13884.00
13884.00
13914.00
13914.00
13914.00
13908.00
13908.00
13901.00
13890.00
13900.00
13900.00
13900.00
13900.00
13916.00
13900.00
13905.00
13903.00
13915.00
13915.00
13915.00
13906.00
13922.00
13922.00
13922.00
13922.00
13929.00
13929.00
13919.00
13919.00
13898.00
13899.00
13915.00
13916.00
13924.00
13924.00
13912.00
13897.00
13897.00
13894.00
13912.00
13891.00
13891.00
13891.00
13900.00
13892.00
13892.00
13891.00
13890.00
13889.00
13888.00
13871.00
13872.00
13870.00
13887.00
13887.00
13870.00
13890.00
13890.00
13890.00
13871.00
13872.00
13889.00
13872.00
13872.00
13873.00
13873.00
13891.00
13891.00
13929.00
13929.00
13916.00
13923.00
13923.00
13923.00
13921.00
13902.00
13904.00
13904.00
13904.00
13898.00
13876.00
13867.00
13867.00
13867.00
13867.00
13867.00
13861.00
13861.00
13860.00
13860.00
13860.00
13860.00
13860.00
13860.00
13882.00
13882.00
13882.00
13882.00
13888.00
13900.00
13905.00
13916.00
13926.00
13928.00
13908.00
13926.00
13928.00
13928.00
13928.00
13928.00
13928.00
13928.00
13923.00
13921.00
13921.00
13904.00
13905.00
13906.00
13906.00
13906.00
13906.00
13906.00
13902.00
13890.00
13877.00
13881.00
13863.00
13863.00
13863.00
13863.00
13863.00
13854.00
13851.00
13864.00
13851.00
13851.00
13848.00
13848.00
13842.00
13825.00
13864.00
13864.00
13856.00
13855.00
13855.00
13878.00
13878.00
13844.00
13844.00
13844.00
13844.00
13845.00
13870.00
13870.00
13870.00
13861.00
13863.00
13854.00
13856.00
13854.00
13852.00
13852.00
13850.00
13866.00
13884.00
13884.00
13884.00
13884.00
13884.00
13861.00
13871.00
13857.00
13835.00
13854.00
13855.00
13855.00
13855.00
13855.00
13850.00
13850.00
13827.00
13822.00
13822.00
13845.00
13836.00
13836.00
13849.00
13835.00
13841.00
13834.00
13834.00
13834.00
13840.00
13836.00
13837.00
13840.00
13830.00
13830.00
13830.00
13840.00
13860.00
13864.00
13865.00
13865.00
13865.00
13852.00
13847.00
13832.00
13832.00
13830.00
13830.00
13822.00
13803.00
13828.00
13829.00
13844.00
13844.00
13850.00
13850.00
13850.00
13854.00
13853.00
13835.00
13832.00
13832.00
13838.00
13839.00
13839.00
13839.00
13839.00
13830.00
13824.00
13832.00
13833.00
13819.00
13849.00
13849.00
13849.00
13830.00
13823.00
13822.00
13800.00
13805.00
13811.00
13811.00
13811.00
13812.00
13841.00
13841.00
13842.00
13832.00
13843.00
13843.00
13834.00
13834.00
13834.00
13844.00
13837.00
13837.00
13841.00
13847.00
13833.00
13835.00
13862.00
13862.00
13857.00
13861.00
13840.00
13860.00
13853.00
13866.00
13866.00
13867.00
13867.00
13866.00
13851.00
13832.00
13832.00
13842.00
13840.00
13820.00
13819.00
13800.00
13795.00
13801.00
13807.00
13807.00
13816.00
13822.00
13832.00
13832.00
13831.00
13807.00
13807.00
13803.00
13815.00
13815.00
13810.00
13821.00
13815.00
13802.00
13814.00
13802.00
13768.00
13757.00
13762.00
13765.00
13771.00
13783.00
13783.00
13797.00
13797.00
13797.00
13799.00
13777.00
13759.00
13760.00
13745.00
13761.00
13761.00
13765.00
13764.00
13736.00
13761.00
13739.00

